x = [82 96 50 49 13 29 58 84 14 2 3 5 98 84 61 1 88 91 19 93 50 98 5 42 61 ...
    9 80 57 23 20 85 98];
y = [76 44 5 8 7 89 30 39 24 39 82 10 52 25 59 65 51 2 32 3 93 14 42 9 62 ...
    97 55 69 15 70 60 5];
% Demands :
q =[0 19 21 6 19 7 12 16 6 16 8 14 21 16 3 22 18 19 1 24 8 12 4 8 24 24 2 20 15 2 14 9];

%Fixed parameters for each instance:
Q = 100;
vehicles = 5;
Maxit = 100;
